<?xml version="1.0"?>
<opencv_storage>
<calibration_Time>"Sun 23 Apr 2017 06:38:56 PM PDT"</calibration_Time>
<nrOfFrames>25</nrOfFrames>
<image_Width>1280</image_Width>
<image_Height>720</image_Height>
<board_Width>6</board_Width>
<board_Height>4</board_Height>
<square_Size>3.</square_Size>
<FixAspectRatio>1.</FixAspectRatio>
<!-- flags:  +fix_aspectRatio +fix_principal_point -->
<flagValue>6</flagValue>
<Camera_Matrix type_id="opencv-matrix">
  <rows>3</rows>
  <cols>3</cols>
  <dt>d</dt>
  <data>
    1.0855052273518315e+04 0. 6.3950000000000000e+02 0.
    1.0855052273518315e+04 3.5950000000000000e+02 0. 0. 1.</data></Camera_Matrix>
<Distortion_Coefficients type_id="opencv-matrix">
  <rows>5</rows>
  <cols>1</cols>
  <dt>d</dt>
  <data>
    1.1311966260305331e+02 -1.4007766799495341e+04
    1.0600994044769897e-01 -9.1103380789969452e-03
    -2.6138041944531969e+03</data></Distortion_Coefficients>
<Avg_Reprojection_Error>1.5584014606434160e+00</Avg_Reprojection_Error>
<Per_View_Reprojection_Errors type_id="opencv-matrix">
  <rows>25</rows>
  <cols>1</cols>
  <dt>f</dt>
  <data>
    1.62287748e+00 1.59978831e+00 1.60749924e+00 1.63334823e+00
    2.73053241e+00 1.60347497e+00 1.58694875e+00 1.43710709e+00
    1.39416897e+00 1.39236081e+00 1.46306694e+00 1.46656275e+00
    1.44296634e+00 1.44507277e+00 1.46897256e+00 1.44481337e+00
    1.45016003e+00 1.37019646e+00 1.51698387e+00 1.50117254e+00
    1.44057012e+00 1.46280813e+00 1.38744950e+00 1.44658172e+00
    1.51739693e+00</data></Per_View_Reprojection_Errors>
<!-- a set of 6-tuples (rotation vector + translation vector) for each view -->
<Extrinsic_Parameters type_id="opencv-matrix">
  <rows>25</rows>
  <cols>6</cols>
  <dt>d</dt>
  <data>
    8.7123443271601514e-02 -4.5537305830545736e-02
    -1.4715186046195570e+00 -5.1195706568541972e+00
    5.3477647575547218e+00 3.3665009602096609e+02 8.7389644783230275e-02
    -4.4829480484513087e-02 -1.4715707549000174e+00
    -5.1187457519885600e+00 5.3492083135070310e+00
    3.3669432429621531e+02 8.5792399468538005e-02
    -4.3410000950147867e-02 -1.4715062730442328e+00
    -5.1199920857929788e+00 5.3458448019285516e+00
    3.3672102410326954e+02 8.4918462153976179e-02
    -3.2702650457996779e-02 -1.4714091904903053e+00
    -5.1285257406182341e+00 5.3487061192890222e+00
    3.3677748457017611e+02 -3.6532322397888828e-01
    2.0261801086130948e-01 -1.5024507951030635e+00
    -4.0395298362859036e+00 8.6970332909055230e+00
    3.1731330224839229e+02 -3.0814331806594049e-02
    -7.6337608783266356e-02 1.2770505677136004e+00
    1.8018661768732882e+00 -1.0052085453113415e+01
    3.3766621337317554e+02 5.9043839692053693e-02 3.2548557242392383e-02
    1.2781398033409392e+00 1.7941049488899439e+00
    -1.0050274560362666e+01 3.3749353011220143e+02
    4.6804582804201411e-02 1.4412164187266303e-02 3.8564775670100504e-01
    -7.1385816981050603e+00 -7.2040505195819575e+00
    3.3358223831848346e+02 5.1555983186763493e-02 4.3759042824920248e-02
    3.8617325672696523e-01 -7.1067823195238455e+00
    -7.2837491856405085e+00 3.3318832588300569e+02
    4.8585133870758690e-02 1.6171737205794769e-02 3.8703682815490997e-01
    -7.1509248749724694e+00 -7.3735805815023072e+00
    3.3341938493740287e+02 2.9578204059782440e-02 4.8593192183850421e-02
    3.8691854641036705e-01 -6.4682559914375144e+00
    -7.1061458489078273e+00 3.3383988230689755e+02
    2.6252114403630979e-02 5.2853458881291740e-02 3.8669842952006178e-01
    -6.4584209462454716e+00 -7.1179191843947667e+00
    3.3380425648900024e+02 2.5536699557594824e-02 5.4311750272518271e-02
    3.8650668485413286e-01 -6.4618218486442025e+00
    -7.1171578509364162e+00 3.3383962013116104e+02
    2.6652883118289426e-02 4.9837020730750525e-02 3.8666268751391919e-01
    -6.4608498144479549e+00 -7.1181057151461760e+00
    3.3386275084161730e+02 2.3224994230157153e-02 5.3336368881580887e-02
    3.8670887196250192e-01 -6.4596205820594692e+00
    -7.1189680311485093e+00 3.3394633152846239e+02
    2.6480853396180757e-02 4.4353165965920219e-02 3.8683511465409176e-01
    -6.4609388809709456e+00 -7.1173915936781604e+00
    3.3390375748263267e+02 1.9242931874034665e-02 5.6529577690208443e-02
    3.8690578921473368e-01 -6.4600785976280370e+00
    -7.1207629913504986e+00 3.3391508448594010e+02
    9.5640996174625528e-02 5.8424369883899645e-02 3.6555817009951569e-01
    -5.5671557791432669e+00 -8.3155999629266759e+00
    3.3326376814368047e+02 2.0349733015169621e-02 7.6352895216132283e-02
    3.4102733359622694e-01 -5.1883669921155340e+00
    -9.3427900414129876e+00 3.3362659285720389e+02
    8.2272931977873484e-02 9.3700222552356757e-02 3.2927038296551520e-01
    -5.4838366417385265e+00 -9.5697011745832050e+00
    3.3223235639316601e+02 -6.6378308821624168e-02
    4.6760115887909660e-02 2.9895497819208944e-01
    -6.6763404665082540e+00 -5.0533425005261075e+00
    3.3293097071302338e+02 5.0785558655288839e-02 4.8876285841108279e-02
    2.9196438047879802e-01 -6.7755565712782886e+00
    -4.2083759285705238e+00 3.3192517619375093e+02
    9.3646816522686097e-02 1.8218292716201189e-02 2.7372285726423906e-01
    -6.9951610508579041e+00 -5.5258305307027777e+00
    3.3078254008589914e+02 1.4568853214362481e-02 8.6564169457034851e-02
    2.6532700518922592e-01 -6.7173124244958089e+00
    -5.7867150650814079e+00 3.3083837713453727e+02
    8.1009029612026509e-02 9.8524888174073719e-02 2.4275327703670294e-01
    -5.2284854933103713e+00 -5.5173125292424672e+00
    3.3031366406176585e+02</data></Extrinsic_Parameters>
