<?xml version="1.0"?>
<opencv_storage>
<calibration_Time>"Mon 17 Apr 2017 01:07:19 PM PDT"</calibration_Time>
<nrOfFrames>25</nrOfFrames>
<image_Width>640</image_Width>
<image_Height>480</image_Height>
<board_Width>6</board_Width>
<board_Height>4</board_Height>
<square_Size>3.</square_Size>
<FixAspectRatio>1.</FixAspectRatio>
<!-- flags:  +fix_aspectRatio +fix_principal_point -->
<flagValue>6</flagValue>
<Camera_Matrix type_id="opencv-matrix">
  <rows>3</rows>
  <cols>3</cols>
  <dt>d</dt>
  <data>
    1.9129285465539142e+03 0. 3.1950000000000000e+02 0.
    1.9129285465539142e+03 2.3950000000000000e+02 0. 0. 1.</data></Camera_Matrix>
<Distortion_Coefficients type_id="opencv-matrix">
  <rows>5</rows>
  <cols>1</cols>
  <dt>d</dt>
  <data>
    1.4093184669195306e+01 -8.9307061029181216e+02
    2.7622982753860843e-02 1.7392269417725786e-02 4.1622859009615982e+04</data></Distortion_Coefficients>
<Avg_Reprojection_Error>8.1943013120584351e-01</Avg_Reprojection_Error>
<Per_View_Reprojection_Errors type_id="opencv-matrix">
  <rows>25</rows>
  <cols>1</cols>
  <dt>f</dt>
  <data>
    7.29374886e-01 7.09876478e-01 7.25902140e-01 7.24286139e-01
    7.34778047e-01 7.23967791e-01 7.27723241e-01 7.63991356e-01
    7.58681238e-01 7.64690340e-01 7.34013677e-01 7.40903854e-01
    7.48205125e-01 7.54668534e-01 8.96273732e-01 8.35316122e-01
    1.16013205e+00 7.62469113e-01 7.00890243e-01 7.06489384e-01
    8.08408082e-01 8.24661911e-01 9.41343606e-01 9.45304990e-01
    1.26984107e+00</data></Per_View_Reprojection_Errors>
<!-- a set of 6-tuples (rotation vector + translation vector) for each view -->
<Extrinsic_Parameters type_id="opencv-matrix">
  <rows>25</rows>
  <cols>6</cols>
  <dt>d</dt>
  <data>
    1.8648133317965453e-02 -1.7000245378249158e-02
    5.7601047936993399e-01 -4.4545213573335358e+00
    -8.5020690463352295e+00 9.8208679995347197e+01
    2.3863045733718617e-02 -1.5710783329361128e-02
    5.7601482101918555e-01 -4.4565308324211115e+00
    -8.5010044614113109e+00 9.8200409870207181e+01
    1.9090855286948115e-02 -1.6088016614261364e-02
    5.7607761524904988e-01 -4.4572788863280213e+00
    -8.5023104011857242e+00 9.8214127600505748e+01
    2.0976695748514452e-02 -1.6187189211596013e-02
    5.7607295522140534e-01 -4.4554406225084309e+00
    -8.5020433749913895e+00 9.8180876803826806e+01
    1.7665921513755230e-02 -1.4168346962257465e-02
    5.7615047183713974e-01 -4.4546014519302481e+00
    -8.5031542322006555e+00 9.8213114115956273e+01
    1.7774080298249492e-02 -1.6753954978225873e-02
    5.7609940636476387e-01 -4.4533157857620536e+00
    -8.5039426023690101e+00 9.8214899219493219e+01
    2.1863845457195410e-02 -2.0139083974800735e-02
    5.7585350995221207e-01 -4.4667976988903808e+00
    -8.4591256499083514e+00 9.8128578269270704e+01
    1.7068531370889550e-02 -1.8471532267806946e-02
    5.7579387942072391e-01 -4.4472950697027045e+00
    -8.4752372747404010e+00 9.8160627482045015e+01
    2.3324869837155274e-02 -1.9300016033126293e-02
    5.7556806240393510e-01 -4.4493278703600776e+00
    -8.4729788944825639e+00 9.8134000137793933e+01
    2.0539183164117722e-02 -1.7728052679179082e-02
    5.7575438219154706e-01 -4.4438361159113056e+00
    -8.4739241841180384e+00 9.8159177817022851e+01
    1.8315552268758559e-02 -2.1992180970037686e-02
    5.7313717982869616e-01 -4.4745410385005862e+00
    -8.3009628308125301e+00 9.8166531749497537e+01
    1.9274402921428079e-02 -2.2750731944266210e-02
    5.7306037302696822e-01 -4.4744135431596179e+00
    -8.2989502688296231e+00 9.8178738443939366e+01
    1.7448754391214249e-02 -2.1344984408798780e-02
    5.7323663212453346e-01 -4.4732085118050557e+00
    -8.2987520647509374e+00 9.8231118675409775e+01
    1.6834060237905422e-02 -1.9146553292847177e-02
    5.7476066543016724e-01 -4.5255294699516391e+00
    -8.4777523801470664e+00 9.8236055090762008e+01
    7.1227411949773278e-03 -3.1862313653240083e-02
    6.1435245233057278e-01 -7.0284962864884166e+00
    -8.2352787972172248e+00 9.8098322786752334e+01
    5.6060795552156859e-02 -2.0596847445582996e-02
    6.1334528694813484e-01 -7.0479329087442055e+00
    -8.2146425236483136e+00 9.7704084291535906e+01
    -1.5320134861683604e-01 -9.2516217935781880e-02
    6.0120234977276121e-01 -6.1979829203858730e+00
    -8.3665696767233921e+00 9.8150855282145358e+01
    7.9052973788650005e-02 -1.6712363821682615e-02
    6.1090897442612224e-01 -5.6817600334770875e+00
    -8.5122739442797428e+00 9.7617479280358154e+01
    2.8353725227372006e-02 -3.2834893224705286e-02
    6.2466579278493761e-01 -5.0251566762582938e+00
    -8.8279026314452782e+00 9.7974125584267540e+01
    2.6876483973281816e-02 -3.1461633177849307e-02
    6.2465171377636330e-01 -5.0296136990706382e+00
    -8.8281587707455884e+00 9.7997472955093201e+01
    2.2161963015815668e-02 -1.7941813938517438e-02
    6.8596610033033045e-01 -5.0281433661883401e+00
    -7.5456193468620913e+00 9.8149967697754477e+01
    2.4720250802175794e-02 -2.7102984862635154e-02
    6.8706052646880833e-01 -5.0116962245520522e+00
    -7.4821325591523662e+00 9.8116384832714203e+01
    -9.2532544722480452e-03 8.8654295219726363e-03
    6.8878761725447313e-01 -2.1809437514538135e+00
    -6.8384894355598718e+00 9.8770780118815040e+01
    -1.9095310171838853e-02 -2.1674933516114261e-03
    6.7472762512312756e-01 -1.8746259031971846e+00
    -7.7584081831030032e+00 9.6989565700028436e+01
    4.7378639155171008e-02 -1.7281918865213883e-02
    6.7378185353925002e-01 -2.0059041259743151e+00
    -7.8512578898498910e+00 9.5539512352168515e+01</data></Extrinsic_Parameters>
