<?xml version="1.0"?>
<opencv_storage>
<calibration_Time>"Sat 22 Apr 2017 11:01:36 AM PDT"</calibration_Time>
<nrOfFrames>25</nrOfFrames>
<image_Width>640</image_Width>
<image_Height>480</image_Height>
<board_Width>6</board_Width>
<board_Height>4</board_Height>
<square_Size>3.</square_Size>
<FixAspectRatio>1.</FixAspectRatio>
<!-- flags:  +fix_aspectRatio +fix_principal_point -->
<flagValue>6</flagValue>
<Camera_Matrix type_id="opencv-matrix">
  <rows>3</rows>
  <cols>3</cols>
  <dt>d</dt>
  <data>
    7.2856613612665860e+03 0. 3.1950000000000000e+02
    0. 7.2856613612665860e+03 2.3950000000000000e+02
    0. 0. 1.
  </data>
</Camera_Matrix>
<Distortion_Coefficients type_id="opencv-matrix">
  <rows>5</rows>
  <cols>1</cols>
  <dt>d</dt>
  <data>
    1.2073820441947720e+02 -2.0509445624134660e+04
    5.0865476861587427e-04 -2.4399683000748174e-02
    -1.2953148106836525e+04</data></Distortion_Coefficients>
<Avg_Reprojection_Error>1.3891667911029972e+00</Avg_Reprojection_Error>
<Per_View_Reprojection_Errors type_id="opencv-matrix">
  <rows>25</rows>
  <cols>1</cols>
  <dt>f</dt>
  <data>
    8.33072901e-01 8.37780118e-01 8.43821764e-01 8.34240079e-01
    8.59308958e-01 8.54528904e-01 8.48964691e-01 8.64395320e-01
    8.73122036e-01 8.60138714e-01 8.15429986e-01 8.47883284e-01
    8.17216396e-01 8.46737742e-01 9.32756901e-01 9.26453829e-01
    1.15893662e+00 1.08160496e+00 2.51817417e+00 2.46237159e+00
    2.76892185e+00 2.83502746e+00 2.04591393e+00 9.36659336e-01
    9.05608058e-01</data></Per_View_Reprojection_Errors>
<!-- a set of 6-tuples (rotation vector + translation vector) for each view -->
<Extrinsic_Parameters type_id="opencv-matrix">
  <rows>25</rows>
  <cols>6</cols>
  <dt>d</dt>
  <data>
    -3.2946822180196809e-02 -5.8818674114652338e-02
    -8.8506687146451352e-02 -8.4913524924579615e+00
    -4.5637287497004353e+00 3.4735943459255827e+02
    -2.7082219274720067e-02 -5.1464071773233651e-02
    -8.8503318662503438e-02 -8.4954356182565096e+00
    -4.5624329177093825e+00 3.4757008615386513e+02
    -3.4190140843905870e-02 -5.3023405035154500e-02
    -8.8585452028718134e-02 -8.4944579709184218e+00
    -4.5614599967660876e+00 3.4743310545614571e+02
    -2.6815660108001581e-02 -5.1978382683641793e-02
    -8.8588320670501042e-02 -8.4954976463488698e+00
    -4.5623420319625838e+00 3.4751873020223070e+02
    -3.0741547159091102e-02 -5.5849529699456051e-02
    -8.8457319419775624e-02 -8.4912114606073867e+00
    -4.5650229110416785e+00 3.4736927222344883e+02
    -3.4267550740266182e-02 -5.7443575132895372e-02
    -8.8566749034556386e-02 -8.4928043261742499e+00
    -4.5638340610669461e+00 3.4742513006577661e+02
    -3.2299609058078549e-02 -4.9103589484050789e-02
    -8.8388024901223064e-02 -8.4949377320457611e+00
    -4.5626630934002321e+00 3.4753263500416426e+02
    -3.7152080402492085e-02 -5.5990880552079465e-02
    -8.8403123925749824e-02 -8.4925428217279322e+00
    -4.5636690905634341e+00 3.4734864985126086e+02
    -3.4588111351170174e-02 -5.7310702113536949e-02
    -8.8503264083560157e-02 -8.4926889817922575e+00
    -4.5631313850990942e+00 3.4736658525532545e+02
    -3.5506040657237496e-02 -5.7265532184731766e-02
    -8.8607092542862462e-02 -8.4926004886886837e+00
    -4.5624687218310873e+00 3.4731527013713975e+02
    -3.1537093056677269e-02 -5.6038753196956233e-02
    -8.8562512529935286e-02 -8.4932182169685166e+00
    -4.5631765566517766e+00 3.4746621085145131e+02
    -3.0440293068957382e-02 -6.1355207598597403e-02
    -8.8753196433082826e-02 -8.4869986020360031e+00
    -4.5694382771768396e+00 3.4738104867116851e+02
    1.8966945880330540e-02 -7.9627685452407310e-02
    -8.8742482545471707e-02 -9.0507019588156155e+00
    -4.0307234740439659e+00 3.4611390802021583e+02
    -3.7339708472723700e-02 -5.4810851152248166e-02
    -9.2789622686391612e-02 -8.9019701251853576e+00
    -4.2747560560712010e+00 3.4718573379126804e+02
    4.7810810965721519e-02 6.1605699757980345e-02
    -1.0219082571341351e-01 -7.9128255751121426e+00
    -6.0891834917880487e+00 3.4787182011409124e+02
    6.0914851283149579e-02 4.5814267630133335e-03
    -1.0362246399498348e-01 -7.9113028531425487e+00
    -6.2501743887224173e+00 3.4788024166850147e+02
    -6.4740018751753350e-02 -1.9030403885437069e-01
    -3.1184982660703513e-02 -8.4432606166034017e+00
    -7.1649531637128385e+00 3.4026645669642789e+02
    1.3950780704229895e-01 3.1636641241756913e-01
    -5.3208492912377156e-02 -6.0651147410590598e+00
    -4.7473996052618324e+00 3.3401134502161477e+02
    3.6312747524877137e-01 -4.5282400473205492e-01
    4.4601812583173506e-01 -7.3464942439650152e+00
    -4.5919673024619092e+00 3.1609707078485638e+02
    3.0898911762280690e-01 2.2632979152083003e-02 6.1622301997128759e-01
    -7.7607503664931166e+00 -7.6576918449806950e+00
    3.4075855211424795e+02 2.1344220993082402e-01
    -2.8231189339501982e-02 6.2203219710917235e-01
    -4.7949122130296349e+00 -9.0205792049043918e+00
    3.4568658593608041e+02 -2.4009532484830215e-01
    1.1492229528794236e-01 5.8978318559171661e-01
    -5.7391569359412831e+00 -7.0215661285738458e+00
    3.4880650872455368e+02 1.2096648757336144e-01
    -7.7116453885138686e-02 5.8070962813506821e-01
    -4.0735131326639937e+00 -6.8161360271872704e+00
    3.4697044846105928e+02 -7.2954751226080222e-02
    -2.3172803547920482e-02 5.7607183022559549e-01
    -3.6640450915076190e+00 -7.2796140200485242e+00
    3.4905566360544998e+02 9.7650887394646196e-02
    -1.8040060373637798e-01 -1.0363966434945182e+00
    -8.0953575907106838e+00 3.7246320259951982e+00
    3.3901637242194471e+02</data></Extrinsic_Parameters>
