<?xml version="1.0"?>
<opencv_storage>
<calibration_Time>"Tue 25 Apr 2017 11:07:07 AM PDT"</calibration_Time>
<nrOfFrames>25</nrOfFrames>
<image_Width>1280</image_Width>
<image_Height>720</image_Height>
<board_Width>6</board_Width>
<board_Height>4</board_Height>
<square_Size>3.</square_Size>
<FixAspectRatio>1.</FixAspectRatio>
<!-- flags:  +fix_aspectRatio +fix_principal_point -->
<flagValue>6</flagValue>
<Camera_Matrix type_id="opencv-matrix">
  <rows>3</rows>
  <cols>3</cols>
  <dt>d</dt>
  <data>
    3.1875624639142803e+04 0. 6.3950000000000000e+02 0.
    3.1875624639142803e+04 3.5950000000000000e+02 0. 0. 1.</data></Camera_Matrix>
<Distortion_Coefficients type_id="opencv-matrix">
  <rows>5</rows>
  <cols>1</cols>
  <dt>d</dt>
  <data>
    8.1667515465956490e+02 9.2892187563102234e+03 7.8833349539504258e-02
    -2.5884729442910481e-01 -1.2086248404121381e+04</data></Distortion_Coefficients>
<Avg_Reprojection_Error>1.7545425277671269e+00</Avg_Reprojection_Error>
<Per_View_Reprojection_Errors type_id="opencv-matrix">
  <rows>25</rows>
  <cols>1</cols>
  <dt>f</dt>
  <data>
    1.66718340e+00 1.72390187e+00 1.66351771e+00 1.67873526e+00
    1.65222871e+00 1.82880068e+00 1.82434726e+00 1.80172527e+00
    1.90163350e+00 1.78124261e+00 1.78999543e+00 1.65992212e+00
    1.62863970e+00 1.61838651e+00 1.61372638e+00 1.69261682e+00
    1.67127001e+00 1.70275056e+00 1.66193509e+00 1.58590090e+00
    1.61558616e+00 1.63068485e+00 2.72276020e+00 1.74621272e+00
    1.66858172e+00</data></Per_View_Reprojection_Errors>
<!-- a set of 6-tuples (rotation vector + translation vector) for each view -->
<Extrinsic_Parameters type_id="opencv-matrix">
  <rows>25</rows>
  <cols>6</cols>
  <dt>d</dt>
  <data>
    2.2624721462614558e-02 -3.2515691505456960e-02
    -5.3054595032134659e-02 -7.9420984733381239e+00
    -5.0788337285386032e+00 9.6303872613815133e+02
    4.5099933936887805e-02 -4.2702444400180194e-02
    -5.2459613030831645e-02 -7.9324957772468361e+00
    -5.0752554216115700e+00 9.6253997021428177e+02
    3.9993873679254839e-02 -4.1064694215034107e-02
    -5.2784887264078081e-02 -7.9348480989166337e+00
    -5.0703397736084730e+00 9.6240242941009888e+02
    3.7552366792926624e-02 -4.1437631339160071e-02
    -5.2701216922663552e-02 -7.9345298549999121e+00
    -5.0762815987079835e+00 9.6252515392562316e+02
    -2.4381245778198609e-02 -1.0290559551998008e-01
    -6.3999354056038224e-02 -8.3951133547919810e+00
    -3.5358816968785680e+00 9.5796499143031303e+02
    -1.1450356450982779e-03 -9.6061939272777050e-02
    -7.0268743503596215e-02 -8.9143052204427473e+00
    -1.8333756963699508e+00 9.5806700593866708e+02
    -4.9960389362835755e-02 -5.7219146097365156e-02
    -7.2637885171664460e-02 -8.6192559832630522e+00
    -1.5415347555636369e+00 9.6130794313988338e+02
    -2.6548110131743564e-02 -7.6933743296101462e-02
    -7.1503231518407193e-02 -8.5649709917866961e+00
    -1.6365259889203663e+00 9.5958145286574563e+02
    2.6275422233515682e-02 -6.0293868312026370e-02
    -7.3013204585361813e-02 -8.8107948438605579e+00
    -1.5562257380708227e+00 9.6015682132621987e+02
    -1.4517251859843011e-02 -4.2295280270130603e-02
    -2.2061827767803047e-01 -9.1043771219017291e+00
    -1.2977465792524863e+00 9.6576152301422621e+02
    -1.3920638389131670e-02 -6.1825396277919109e-02
    -2.2079559737284560e-01 -9.1872235398955180e+00
    -1.3454895306507568e+00 9.6514239889378018e+02
    3.5640475570264035e-02 -3.3167987161480478e-02
    -2.1349430294784330e-01 -8.0192378367553800e+00
    -2.7964706246449662e+00 9.6422247441561751e+02
    -3.8856227171146777e-02 6.3034617078584080e-03
    -1.6363109791011779e-01 -7.5995264276140055e+00
    -3.1285177209829995e+00 9.6605005136336990e+02
    -2.5307319648404714e-02 -6.8157082753819475e-03
    -1.6351407294966550e-01 -7.6045665472140325e+00
    -3.1330871138725773e+00 9.6610685515257990e+02
    -4.1365107030749339e-02 -1.6925869858431142e-02
    -1.6158753388245442e-01 -7.6680552705577529e+00
    -3.2392915855999647e+00 9.6589844382835247e+02
    3.5760620818402589e-02 -5.2663365446767398e-02
    -1.3906045609338943e-01 -8.3510752369003765e+00
    -3.2503255598387035e+00 9.6499392815889473e+02
    1.9595750992353000e-03 -3.9889692567940338e-02
    -1.4002361234357555e-01 -8.3699110436780604e+00
    -3.2467374899707484e+00 9.6670939427254666e+02
    1.7462665890814338e-02 -3.6315505018381010e-02
    -1.3954360518203357e-01 -8.3708793674756006e+00
    -3.2499400329818262e+00 9.6769289422340455e+02
    1.0877805763049487e-02 -3.6249947454799730e-02
    -1.4000014341337938e-01 -8.3730269503662687e+00
    -3.2457411017157334e+00 9.6769749617760294e+02
    -3.2559658140593854e-03 -1.7010329204176423e-02
    -9.3700765725780163e-02 -7.6923410779620065e+00
    -3.6950758650788567e+00 9.6565414515540965e+02
    3.5695834371809844e-03 -2.4144003362676855e-02
    -9.3411254784035128e-02 -7.6866400167949527e+00
    -3.6963509390532225e+00 9.6554968999220682e+02
    -1.5786098010068635e-02 -1.9960688251088779e-02
    -9.3687029358428986e-02 -7.6881495368601334e+00
    -3.6966815215920117e+00 9.6594765730094400e+02
    1.3837910989228161e-01 -2.4462481757690488e-01
    -2.7420238265867158e-02 -7.4645692987006811e+00
    -8.4396066470666682e+00 9.3317118195747094e+02
    2.3019673695029177e-02 -6.2819712422736429e-02
    -4.9813581427595816e-02 -8.6545264304891472e+00
    -5.6507957154018591e+00 9.6321009939589339e+02
    -2.0736473654888215e-02 -5.2982880716502222e-02
    -5.8228118631418420e-02 -8.0754133268056023e+00
    -2.8047037174332270e+00 9.6384439714895643e+02</data></Extrinsic_Parameters>
